91.15746440877231
115.02353402291766
88.98295856874446
63.899276015446965
65.93632073275495
56.11530289069601
74.2328742722312
49.78928317763521
34.197335510891506
36.89965486451658
40.64314521611842
26.970562748477146
34.3231636419751
26.970562748477146
31.368908386145314
26.970562748477146
28.79241716360384
31.368908386145314
26.970562748477146
26.970562748477146
26.970562748477146
26.970562748477146
28.970562748477146
26.970562748477146
26.970562748477146
26.970562748477146
26.970562748477146
26.970562748477146
26.970562748477146
26.970562748477146
26.970562748477146
26.970562748477146
26.970562748477146
26.970562748477146
26.970562748477146
26.970562748477146
26.970562748477146
26.970562748477146
26.970562748477146
26.970562748477146
26.970562748477146
26.970562748477146
26.970562748477146
26.970562748477146
26.970562748477146
26.970562748477146
26.970562748477146
26.970562748477146
26.970562748477146
26.970562748477146
26.970562748477146
26.970562748477146
26.970562748477146
26.970562748477146
26.970562748477146
26.970562748477146
26.970562748477146
26.970562748477146
26.970562748477146
26.970562748477146
26.970562748477146
26.970562748477146
26.970562748477146
26.970562748477146
26.970562748477146
26.970562748477146
26.970562748477146
26.970562748477146
26.970562748477146
26.970562748477146
26.970562748477146
26.970562748477146
26.970562748477146
26.970562748477146
26.970562748477146
26.970562748477146
26.970562748477146
26.970562748477146
26.970562748477146
26.970562748477146
26.970562748477146
26.970562748477146
26.970562748477146
26.970562748477146
26.970562748477146
26.970562748477146
26.970562748477146
26.970562748477146
26.970562748477146
26.970562748477146
26.970562748477146
26.970562748477146
26.970562748477146
26.970562748477146
26.970562748477146
26.970562748477146
26.970562748477146
26.970562748477146
26.970562748477146
26.970562748477146
26.970562748477146
26.970562748477146
26.970562748477146
26.970562748477146
26.970562748477146
26.970562748477146
26.970562748477146
26.970562748477146
26.970562748477146
26.970562748477146
26.970562748477146
26.970562748477146
26.970562748477146
26.970562748477146
26.970562748477146
26.970562748477146
26.970562748477146
26.970562748477146
26.970562748477146
26.970562748477146
26.970562748477146
26.970562748477146
26.970562748477146
26.970562748477146
26.970562748477146
26.970562748477146
26.970562748477146
26.970562748477146
26.970562748477146
26.970562748477146
26.970562748477146
26.970562748477146
26.970562748477146
26.970562748477146
26.970562748477146
26.970562748477146
26.970562748477146
26.970562748477146
26.970562748477146
26.970562748477146
26.970562748477146
26.970562748477146
26.970562748477146
26.970562748477146
26.970562748477146
26.970562748477146
26.970562748477146
26.970562748477146
26.970562748477146
26.970562748477146
26.970562748477146
26.970562748477146
26.970562748477146
26.970562748477146
26.970562748477146
26.970562748477146
26.970562748477146
26.970562748477146
26.970562748477146
26.970562748477146
26.970562748477146
26.970562748477146
26.970562748477146
26.970562748477146
26.970562748477146
26.970562748477146
26.970562748477146
26.970562748477146
26.970562748477146
26.970562748477146
26.970562748477146
26.970562748477146
26.970562748477146
26.970562748477146
26.970562748477146
26.970562748477146
26.970562748477146
26.970562748477146
26.970562748477146
26.970562748477146
26.970562748477146
26.970562748477146
26.970562748477146
26.970562748477146
26.970562748477146
26.970562748477146
26.970562748477146
26.970562748477146
26.970562748477146
26.970562748477146
26.970562748477146
26.970562748477146
26.970562748477146
26.970562748477146
26.970562748477146
26.970562748477146
26.970562748477146
26.970562748477146
26.970562748477146
26.970562748477146
